"","rs1929402","rs17725890","rs34132068","rs6559374","rs10870046","rs12238510","rs12340978","rs7043667","rs10869973","rs60810243","rs17063960","rs3010746","rs7038927","rs113353292","rs112240301","rs17726123","rs7037778","rs145466424","rs76872537","rs1933975","rs111545390","rs1472774","rs17786735","rs74391094","rs80085405","rs1933974","rs75267730","rs7874709","rs80227131","rs3758203","rs149899926","rs12552001","rs72736177","rs4361830","rs74434496","rs146035384","rs7026679","rs10217733","rs147149845","rs72738288","rs62568072","rs4457410","rs41277905","rs191758322","rs148907664","rs72741767","rs113416989","rs11145647","rs3009698","rs118069252","rs72734122","rs11137603","rs140182053","rs370633414","rs75102804","rs1394932","rs4077632","rs234798","rs74422995","rs11790951","rs62568158","rs3008200","rs10512079","rs2998734","rs145259420","rs144968712","rs62565621","rs117347249","rs11137783","rs1505632","rs62566136","rs74621577","rs143423062","rs72745643","rs78449400","rs112966738","rs10870055","rs118133927","rs145419979","rs148832001","rs34893523","rs11788031","rs2905474","rs181563344","rs1161855","rs1505618","rs147628007","rs76249067","rs1634348","rs142304217","rs12340002","rs113488134","rs6559406","rs76337008","rs7868916","rs117013072","rs234792","rs139681408","rs11137680","rs4305977","rs6559409","rs72743731","rs12001103","rs72741726","rs77882518","rs143463673","rs143987659","rs111597568","rs11137772","rs2004746","rs141003836","rs376546531","rs11145628","rs870541","rs76563388","rs80012148","rs7030744","rs10867272","rs145225739","rs72734124","rs147738116","rs76079577","rs78014291","rs148450498","rs17788621","rs35835072","rs117278125","rs76739583","rs10867239","rs144449215","rs12552196","rs146776580","rs74929585","rs117940272","rs117956751","rs148439709","rs189858783","rs35777897","rs56124603","rs118112469","rs550774468","rs11137698","rs118144706","rs147063834","rs117162376","rs62566098","rs117485335","rs170921","rs72738281","rs143943417","rs62566135","rs143653590","rs12551231","rs151184344","rs72738285"
"rs1929402",0.650099403578529,0.0788203724601092,0.0084190755624425,0.00221094196936492,0,0.023202992581448,0.00222840821302805,0,0,0,0,0,0.0169218590649469,0,0.000822620728774048,0,0.0120367136925012,1.75715131601404e-05,0,0,0,0,0,0,0.029101451728416,0,0.00580095838807339,0,0,0,0.000325648974804312,0,0,0,0,0,0,0,0,0,0,0,0,0,0,0.000460598550972793,0,0,0,0,0,0,0,0,0,0,0,0,0,0,0,0,0,0,0,0,0.0164790426665728,0,0,0,0,0.00940678846948361,0,3.30445906799627e-05,0,0,5.00895828082847e-05,0,0,0,0,6.47948798676489e-05,0,0,0,0,0,0,0,0,0,0,0,0,0,0,0,0,0,0,0,0.000180357265087289,0,8.9921333942143e-05,0,0.000259835486332211,0,0.000225424078626674,0,0,8.67694839317683e-05,0,0,0,0,0.000145887797320652,0,0,0,0,0,0,0,0,0,0,0,0.0245389343524112,0,0.002537152782448,0.000859286460420191,0,0,0.000188261971536006,0,0,0,0,0,0,0,0,0,0,0,0,0.000390835530573787,0,0,0,0,0,0,0,0
"rs17725890",0.0788203724601092,0.771371769383698,0.000984113429910616,0.00981183283475473,0,0.115205430856023,0.00397267846542554,0.000465847144147726,0,0,0,0,0.0914075685203202,0,5.53720779870876e-05,0,0.00666821183511749,6.29233690238231e-05,0,0,0,0,0,0,0.00330025692091169,0,0.0127827408641911,0,0,0,0.000596955131950723,0,0,0,0,0,0,0,0,0,0,0,0,0,0,0.000274899609105602,0,0,0,0,0,0,0,0,0,0,0,0,0,0,0,0,0,0,0,0,0.0320548032917928,0,0,0,0,0.00537362586530776,0,9.04323146761088e-05,0,0,8.80835656418639e-05,0,0,0,0,0.000134660067646843,0,0,0,0,0,0,0,0,0,0,0,0,0,0,0,0,0,0,0,6.9198976310938e-05,0,6.05276641055191e-05,0,0.000664619735158866,0,0.000432450433012848,0,0,1.84952641395793e-05,0,0,0,0,0.00055973826316122,0,0,0,0,0,0,0,0,0,0,0,0.0230712501347983,0,0.00529018157603696,0.00137370271236713,0,0,6.42060730702872e-05,0,0,0,0,0,0,0,0,0,0,0,0,0.000312405613941665,0,0,0,0,0,0,0,0
"rs34132068",0.0084190755624425,0.000984113429910616,0.165009940357853,0,0.00023104681320045,0.000343381430909119,0.00889779953605479,0,0,0,2.82200436883641e-05,0,0.000256848044060106,2.97808347164316e-05,0.0152130602995052,0,0.140020264848048,0.00023153197085213,0,0,0,0,0,0,6.97445854569261e-05,0,0.000108061010071401,0,4.27801617824403e-05,0,0.00190708040414345,0,0,0,0,0,0,0,0,0,0,0,0,0,0,0.00404606741629506,0,0.00044994444865875,0,0,0,0,7.97812055390524e-06,0,0,0,0,0,9.63508718697647e-05,0,0,0,0,0,0,0,0.000204649171904736,0,0,0,0,0,0,0,0,0,0.00027500334682499,0,0,0,0,0.000118579604924555,0,0,0,0,0,0,0,0,0,1.60185826707981e-05,0,0,0,0,0,0,0,0,0,0.000792162341827338,0,0.000727541441134975,0,0.0034237360038114,7.12608483981055e-06,0.00165017348522806,0,0,0.000381107562022925,0,2.85870769867875e-05,0,0,0.00123365722516654,0,0,0,0,0,6.74250709749561e-05,0,0,0,0,0,0.000279347733051041,0,3.85101144710113e-05,0.000837790625213603,0,0,0.000551254179408175,0,4.59977316395873e-05,0,0,1.75303857239463e-05,0,1.56718268126588e-05,0,0,0,0,0,0.00184195674291978,0,0,0,0,0,0,0,0
"rs6559374",0.00221094196936492,0.00981183283475473,0,0.650099403578529,0,0.0362490718630042,0,0.0283169560400746,0,0.00865458348001937,0,0,0.00180072307773824,0,0,0,0,0,0,0,1.8529770396482e-05,0,0,0,0.000155123136357363,0,0.0177962156983664,0,0,0.000941693102777576,0,0,0,0,0,0,0,0,4.38595732298919e-05,0,0,0,0.00026070510693792,0,0,0,0,0,0,0,0,0.00409384121033652,0,0,0,0,0,0,0,0,0,0,0,0,0,0,0.000634392921661588,0,0,0,0,9.47169096770633e-05,0,0.0142922342012493,0,0,0,0,0,0,0,0,0,0,0.000299767020256498,0,0,0,0,0,0,0,0,0,0,0,0,0,0,0,0,0,0,0,0,0,0,0,0,0,0,0,0,0,0,1.09623226566864e-05,0,0,8.96622659962965e-05,0,0,0,0,0,0,0,0,0.000774590058194293,0,0.00112375660146807,8.07107894444396e-05,0,0,0,0,0,0,0,0,0,0,0,0,0,0,0,0,0,0,0,0,0,0,0,0
"rs10870046",0,0,0.00023104681320045,0,0.312127236580517,0,0.000361366109962792,0,0.00186535380963725,0,0.0196686581814737,0,0,0.010762624513887,0.000120774542860666,0,0.00231084451938871,0.00148792928824984,0.00298164405931822,0,0,0,0.000484988188048658,0,0,0,0,0.000193960158766851,0.00441728785156007,0,0.000321145418443911,0,0,0,0,0.00251644071729447,0,0,0,0,0,0,0,0.000664688409912278,0,0.000227053854291302,0,0.0176545142507184,0,0,0,0,0,0,0,0,0,0,0.00994875937968587,0,0,0,0,0,0,0,0,0,0,0,0,0,0,0,0,0,0.000278383036727453,0,0,0,0,0.00290524834195794,0,0,0,0,0,0.000576794251912353,0,0,0,0.00165400708372195,0,0,0,0,0,0,0,0,0,4.83210718037643e-05,0,0.00405120052979677,0,3.35406702126548e-05,0.00220742278761102,2.31964297950083e-05,0,0,0.00120527023488579,0,0.00295177350023911,0,0,0,0,0,0,0,0.000263773346366822,0.00348100538308973,0,0,0,0,0,0,0,0,8.11376113372184e-06,0,0,0.000833259171457468,0,0.00316634646691573,0,0,0.00150842424512396,0,0.00323640525453676,0,0,0,0,0,1.78388210382385e-05,0,0,0,0,0,0,0,0
"rs12238510",0.023202992581448,0.115205430856023,0.000343381430909119,0.0362490718630042,0,0.691848906560636,0.000561536079400029,0.00236726721684591,0,0.000241630638482949,0,0,0.00797358838942015,0,3.15818852682436e-05,0,0.00176471508515433,0,0,0,0,0,0,0,0.00075293064100838,0,0.144592263736591,0,0,0.000101134474341833,0.000114020503965298,0,0,0,0,0,0,0,0,0,0,0,0,0,0,0.000156791080101467,0,0,0,0,0,0.00039641534457886,0,0,0,0,0,0,0,0,0,0,0,0,0,0,0.00885267604869185,0,0,0,0,0.00122595533143756,0,0.000679515913939815,0,0,0,0,0,0,0,0,0,0,0,0,0,0,0,0,0,0,0,0,0,0,0,0,0,0,0,1.0524843133834e-05,0,0,0,0.000128884110822343,0,0.00013154740758497,0,0,0,0,0,0,0,0.000191550581990359,0,0,0,0,0,0,0,0,0,0,0,0.00676741513170855,0,0.0102270863426951,0.00050144113676668,0,0,0,0,0,0,0,0,0,0,0,0,0,0,0,0.00012829169868706,0,0,0,0,0,0,0,0
"rs12340978",0.00222840821302805,0.00397267846542554,0.00889779953605479,0,0.000361366109962792,0.000561536079400029,0.220675944333996,0,0,0,1.89159577095194e-05,0,0.000255454966857582,0.000778524216141344,0.00127466849642257,0,0.0964873669076763,0.00227621375272407,0,0,0,0,0,0,5.20247316801414e-05,0,0.000250774802058304,0,7.16890926905887e-05,0,0.0127832021352628,0,0,0,0,0,0,0,0,0,0,0,0,2.1574735733707e-05,0,0.00452014656566363,0,0.000241279007402,0,0,0,0,1.60432555667529e-05,0,0,0,0,0,0.000110715775801496,0,0,0,0,0,0,0,0.000203539207852103,0,0,0,0,6.39028414294439e-05,0,0,0,0,0.00294936562733259,0,0,0,0,0.000476905028936425,0,0,0,0,0,0,0,0,0,6.44237483924654e-05,0,0,0,0,0,0,0,0,0,0.00318592902035619,0,0.00153268543176,0,0.00305991708927836,9.55326086329797e-05,0.00178662652307684,0,0,0,0,1.91619809413625e-05,0,0,0,0,0,0,0,0,9.03903484493541e-05,0,0,0,0,0,0.000729310636342385,0,0.000114903736781874,0.0081241549941009,0,0,0.00110852068763952,0,8.22196833840735e-05,0,0,0,0,4.20194407199165e-05,0,0,0,0,0,0.00137397483530834,0,0,0,0,0,0,0,0
"rs7043667",0,0.000465847144147726,0,0.0283169560400746,0,0.00236726721684591,0,1.19085487077535,0,0.129928331725178,0,0.000732420149866255,0,0,0,0,0,0,0,0,0.00346699088361246,0,0,0,4.67391134187589e-05,0,0.000987260497674756,0,0,0.0523005631731571,0,0,0,0,0,0,0,0,0.00120092104885501,0,9.72230419820201e-05,0,0.0047589192417155,0,0,0,0,0,0,0,0,0.0911695099624794,0,0,0,0,0,0,0,0,0,0,0,0,3.69348692352289e-05,0,6.950715743721e-05,0,0,0,0,0,0,0.00827175670362268,0.00029061020734352,0,0,0,0,0,0,0,0,0,0.011301891749712,0,3.44936497345069e-05,0,0,0,0,0,0,0,0,0,0,0,0,0,0,0,0,0,0,0,0,0,0,0,0,0,0,0,0,0,0,0,0.00215354977687287,0,0,0,0,0,0,0,0,7.00159629951959e-05,0,3.84763154822307e-05,0,0,0,0,0,0,0,0,0,0,0,0,0,0,0,0,0,0,0,0,0,0,0,0,0
"rs10869973",0,0,0,0,0.00186535380963725,0,0,0,0.862823061630219,0,0.00116663153739071,0,0,0.000904491213291548,0,0,0,0.000126035345479763,0.103010252004379,0,0,0,0.0165673929805919,0,0,0,0,0.14883868483459,0.002098831343251,0,0,0,0,0,0,0.001657902750931,0,0,0,0,0,0,0,0.00116234189042047,0,0,0,0.00465626673694131,0,0,0,0,0.00318872480638003,0,0,0,0,0,0.00179388686008904,0,0,0,0,0,0,0,0,0,0,0,0,0,0,0,0,0,3.2649909702908e-05,0,0,0,0,0.000239779646344433,0,0,0,0,0,0.0236060294500598,0,0,0,0.000233552561691414,0,0,0,0,0,0,0,0,0,0,0,0.00016557961093369,0,0,0.000524998102258078,0,0,0,4.71196866006733e-05,0,0.00041878290884063,0,0,0,0,0,0,0,0.00578317264701008,0.00221945989130376,0,0,0,0,0,0,0,0,0,0,0,4.61493660616603e-05,0,0.000439203777534506,0,0,0.00204874771912598,0,0.000572928386024584,0,0,0,0,0,0,0,0,0,0,0,0,0,0
"rs60810243",0,0,0,0.00865458348001937,0,0.000241630638482949,0,0.129928331725178,0,0.200795228628231,0,0.000551431414545171,0,0,0,0,0,0,0,2.50641025767904e-05,0.000113862225452493,0,0,0,0,0,0.000100814646951325,0,0,0.00590965868724765,0,0,0,0,0,0,0,0,0.000215607576715586,0,6.8901143470738e-05,0,0.00611668018623863,0,0,0,0,0,0,0,0,0.00981981766456727,0,0,0,0,0,0,0,0,0,0,0,0,1.14769183807465e-05,0,0,0,0,0,0,0,0,0.000877584384928477,1.11803048348164e-05,0,0,0,0,0,0,0,0,0,0.000688604243224716,0,5.46425613105382e-06,0,0,0,0,0,0,0,0,0,0,0,0,0,0,0,0,0,0,0,0,0,0,0,0,0,0,0,0,0,0,0,0.000463965536289647,0,0,0,0,0,0,0,0,0,0,2.85747639910631e-06,0,0,0,0,0,0,0,0,0,0,0,0,0,0,0,0,0,0,0,0,0,0,0,0,0
"rs17063960",0,0,2.82200436883641e-05,0,0.0196686581814737,0,1.89159577095194e-05,0,0.00116663153739071,0,0.0516898608349901,0,0,0.000941939121442917,1.47513953071202e-05,0,0.000235800797238532,0.000181735592618532,0.00274763769806479,0,0,0,0,0,0,0,0,0.000211735446223102,0.0013114365219697,0,2.94185113828293e-05,0,0,0,0,0,0,0,0,0,0,0,0,0,0,2.07992579478463e-05,0,0.0109103542451611,0,0,0,0,0,0,0,0,0,0,0.0010189951020155,0,0,0,0,0,0,0,0,0,0,0,0,0,0,0,0,0,0,0,0,0,0,0.000118282285163962,0,0,0,0,0,0.000209884664087786,0,0,0,0,0,0,0,0,0,0,0,0,0,1.77057982988205e-05,0,0.000134949105245537,0,0,0,0,0,0,0.000110408724795698,0,0.0058876393626947,0,0,0,0,0,0,0,0,0,0,0,0,0,0,0,0,0,0,0,0,0,0,0.000914775542903837,0,0,0.000823331148689628,0,0,0,0,0,0,0,0,0,0,0,0,0,0,0,0
"rs3010746",0,0,0,0,0,0,0,0.000732420149866255,0,0.000551431414545171,0,0.624254473161034,0,0,0,0.00188366092052046,0,0,0,0.0384455287548853,0.000648050054670799,0,0,0.0268327249643225,0,0,0,0,0,0.000727759601127238,0,0.00108988761314755,0,0.0030837735818088,0,0,0,0.0013961121480257,0.000782251030092654,0,0.0229485372746176,0,0.000977141513664619,0,0,0,0,0,0,0.011507739341205,0.00105856277112188,9.95206422494052e-05,0,0,0,0,0,0,0,0,0,0,0,0,0.0358606285549061,0,0,0,0,0,0,0,0,0,0.00471418410190414,0,0,0,0.00195948333104356,0,0,0,0,0,0.00719479365336438,0,0.0102441257980879,0,0,0,0,0,0,0,0,0,0,0,0.00122195864568722,0,0,0,0,0,0,0,0,0,0,0,0,0,0,0,0,0,0,0,0.000454395951287469,0.00246191165934055,0,0,0,0,0,0,0,0,0,0,0,0,0,0,0,0,0,0,0,0,0,0,0,0.00259326579630492,0,0,0,0,0,0,0,0,0,0,0
"rs7038927",0.0169218590649469,0.0914075685203202,0.000256848044060106,0.00180072307773824,0,0.00797358838942015,0.000255454966857582,0,0,0,0,0,0.115308151093439,0,0,0,0.00112709391719406,3.32363028076976e-06,0,0,0,0,0,0,0.00161952443191796,0,0.0030668759171929,0,0,0,6.15961063624524e-05,0,0,0,0,0,0,0,0,0,0,0,0,0,0,8.71216540852316e-05,0,0,0,0,0,0,0,0,0,0,0,0,0,0,0,0,0,0,0,0,0.004752115618727,0,0,0,0,0,0,0,0,0,3.55289380862169e-05,0,0,0,0,2.04264541518893e-05,0,0,0,0,0,0,0,0,0,0,0,0,0,0,0,0,0,0,0,0,0,8.95184770023611e-06,0,0.000589770783555243,0,0,0,0,0,0,0,0,0,0,0,0,0,0,0,0,0,0,0,0,0,0.00810834410501414,0,0,0.00040633246460904,0,0,1.18698407589595e-05,0,0,0,0,0,0,0,0,0,0,0,0,9.24075798408198e-05,0,0,0,0,0,0,0,0
"rs113353292",0,0,2.97808347164316e-05,0,0.010762624513887,0,0.000778524216141344,0,0.000904491213291548,0,0.000941939121442917,0,0,0.10934393638171,0,0,0.000837015484796859,0,0.000600839096306479,0,0,0,7.83886238942709e-05,0,0,0,0,0.000150478913696156,0.00285586432462916,0,0.00086927643959633,0,0,0,0,0,0,0,0,0,0,0,0,0.00515681109491438,0,0,0,0.0156191498029534,0,0,0,0,0.00106518670889369,0,0,0,0,0,0.00551320330642577,0,0,0,0,0,0,0,0,0,0,0,0,0,0,0,0,0,0.000107646745996613,0,0,0,0,0,0,0,0,0,0,0.000198884767551762,0,0,0,0.00369610920420006,0,0,0,0,0,0,0,0,0,0,0,0.000569651421213747,0,5.18787933256534e-05,0.00285428534447231,3.58789129614418e-05,0,0,0,0,0.00190838019096749,0,0,0,0,0,0,0,0,0,0,0,0,0,0,0,0,0,1.88248535709608e-05,0,0,0.000214806283777623,0,0.00386147938631096,0,0,0,0,0.0018889447782805,0,0,0,0,0,0,0,0,0,0,0,0,0,0
"rs112240301",0.000822620728774048,5.53720779870876e-05,0.0152130602995052,0,0.000120774542860666,3.15818852682436e-05,0.00127466849642257,0,0,0,1.47513953071202e-05,0,0,0,0.0318091451292246,0,0.0303347762966026,0.000161370864198186,0,0,0,0,0,0,0,0,1.14847381542717e-05,0,2.23623706867449e-05,0,0.000996883535498643,0,0,0,0,0,0,0,0,0,0,0,0,0,0,0.00140999403488136,0,9.40793501485077e-05,0,0,0,0,0,0,0,0,0,0,0,0,0,0,0,0,0,0,6.52504215330239e-05,0,0,0,0,0,0,0,0,0,0.000575007342241528,0,0,0,0,0,0,0,0,0,0,0,0,0,0,0,0,0,0,0,0,0,0,0,0,0.00165634043387784,0,0,0,0,0,0,0,0,0,0,0,0,0,0,0,0,0,0,0,1.76224722850504e-05,0,0,0,0,0,3.34002524287515e-05,0,1.84178698046836e-05,0,0,0,0.000576311532678818,0,0,0,0,6.109077471222e-06,0,0,0,0,0,0,0,0.0008809353060348,0,0,0,0,0,0,0,0
"rs17726123",0,0,0,0,0,0,0,0,0,0,0,0.00188366092052046,0,0,0,0.0815109343936382,0,0,0,0.00128920654348609,1.54793798558783e-05,0,0,0.000623928227795752,0,0,0,0,0,0,0,0,0,0.00448621644285009,0,0,0,0,5.44976716762846e-06,0,8.52678949497808e-05,0,2.01704455643453e-06,0,0,0,0,0,0,0.00264164766032545,0,0,0,0,0,0,0,0,0,0,0,0,0,0,0,0,0,0,0,0,0,0,0,0,0,0,0,0,0.000674521035939737,0,0,0,0,0,5.11909897842331e-05,0,0.000430071747917836,0,0,0,0,0,0,0,0,0,0,0,0,0,0,0,0,0,0,0,0,0,0,0,0,0,0,0,0,0,0,0,0,0.00276077294950163,0,0,0,0,0,0,0,0,0,0,0,0,0,0,0,0,0,0,0,0,0,0,0,0.000679561515699843,0,0,0,0,0,0,0,0,0,0,0
"rs7037778",0.0120367136925012,0.00666821183511749,0.140020264848048,0,0.00231084451938871,0.00176471508515433,0.0964873669076763,0,0,0,0.000235800797238532,0,0.00112709391719406,0.000837015484796859,0.0303347762966026,0,1.34990059642147,0.00164150665354628,0,0,0,0,0,0,0.000413169361374975,0,0.000442577817080433,0,0.000536193159320951,0,0.0528757779725827,0,0,0,0,9.87340735757988e-05,0,0,0,0,0,0,0,5.37888693170271e-05,0,0.0194652669104592,0,0.00278897074578346,0,0,0,0,0.000121206383265012,0,0,0,0,0,0.00079463209723683,0,0,0,0,0,0,0,0.00372685015482697,0,0,0,0,0.00129695156004074,0,0,0,0,0.00208897326313995,0,0,0,0,0.00378315549183002,0,0,0,0,0,0,0,0,0,0.000608399703113239,0,0,0,0,0,0,0,0,0,0.0180522088685351,0,0.0143689815173181,0,0.0312087531497418,0.000162392940374336,0.0299545726695715,0,0,0.00791288886290595,0,0.000206294789415745,0,0,0.00812025390037032,0,0,0,0,0,0.000947519252011208,0,0,0,0,0,0.00317182598636172,0,0.000329528714390773,0.0066174679189345,0,0,0.0196808864320482,0,0.000582344619132545,0,0,0.000221939766022551,0,0.000285710214722921,0,0,0,0,0,0.0327354483290682,0,0,0,0,0,0,0,0
"rs145466424",1.75715131601404e-05,6.29233690238231e-05,0.00023153197085213,0,0.00148792928824984,0,0.00227621375272407,0,0.000126035345479763,0,0.000181735592618532,0,3.32363028076976e-06,0,0.000161370864198186,0,0.00164150665354628,0.0437375745526839,6.76226420626315e-05,0,0,0,1.5124122879782e-05,0,0,0,0,2.90330594988682e-05,0.000275501985032509,0,0.00064363953462489,0,0,0,0,0,0,0,0,0,0,0,0,0,0,0,0,0.000695428443063392,0,0,0,0,0.000102757350970643,0,0,0,0,0,0.000354568303941943,0,0,0,0,0,0,0,5.29634700677623e-06,0,0,0,0,0,0,0,0,0,0.000557935184238089,0,0,0,0,0.00129393282322464,0,0,0,0,0,0,0,0,0,0.000412635309389941,0,0,0,0,0,0,0,0,0,0,0,0.00147625721383339,0,0.000134444398872534,0.000183566441741108,9.29805528633171e-05,0,0,0,0,0,0,0,0,0,0,0,0,0,0.00021710695005112,0,0,0,0,0,2.71108328222919e-06,0,0,3.25231944174745e-05,0,0,0,0,0,0,0,0,0,0,0,0,0,0,0,7.15051176936771e-05,0,0,0,0,0,0,0,0
"rs76872537",0,0,0,0,0.00298164405931822,0,0,0,0.103010252004379,0,0.00274763769806479,0,0,0.000600839096306479,0,0,0,6.76226420626315e-05,0.31013916500994,0,0,0,0.00507944081048012,0,0,0,0,0.0178606421801191,0.000278844041610864,0,0,0,0,0,0,0.000275329593033957,0,0,0,0,0,0,0,0.000231637557372585,0,0,0,0.00248551374947681,0,0,0,0,0.000186901682100164,0,0,0,0,0,0.000487493365254199,0,0,0,0,0,0,0,0,0,0,0,0,0,0,0,0,0,8.13330547830599e-06,0,0,0,0,5.65869542753301e-05,0,0,0,0,0,0.00592267445908391,0,0,0,0.00013963071972414,0,0,0,0,0,0,0,0,0,0,0,0.000229548305468373,0,0,0.000313873084247989,0,0,0,2.93445532202485e-05,0,0.000625929325567055,0,0,0,0,0,0,0,0.00967319218207405,0.000176922219579318,0,0,0,0,0,0,0,0,0,0,0,1.62297996883069e-05,0,0.000194504045965536,0,0,0.00229660389252702,0,9.51467987330191e-05,0,0,0,0,0,0,0,0,0,0,0,0,0,0
"rs1933975",0,0,0,0,0,0,0,0,0,2.50641025767904e-05,0,0.0384455287548853,0,0,0,0.00128920654348609,0,0,0,0.42544731610338,0.000278490164150221,0,0,0.0542242823429262,0,0,0,0,0,0.000827852273170935,0,0.00156072735321632,0,0.000969726925196487,0,0,0,0.0127243500564678,0.000210100686095775,0,0.000657453527090306,0,1.55523137836018e-05,0,0,0,0,0,0,0.00640359062524453,0.0093057571386379,3.82657121315367e-05,0,0,0,0,0,0,0,0,0,0,0,0,0.00473638985231982,0,0,0,0,0,0,0,0,0,0.0141809683748641,0,0,0,0.00303982795630401,0,0,0,0,0,0.008091460268587,0,0.00497406769107534,0,0,0,0,0,0,0,0,0,0,0,0.00410729637407181,0,0,0,0,0,0,0,0,0,0,0,0,0,0,0,0,0,0,0,0.000585810318899793,0.00196930898498749,0,0,0,0,0,0,0,0,0,0,0,0,0,0,0,0,0,0,0,0,0,0,0,0.0324357684168903,0,0,0,0,0,0,0,0,0,0,0
"rs111545390",0,0,0,1.8529770396482e-05,0,0,0,0.00346699088361246,0,0.000113862225452493,0,0.000648050054670799,0,0,0,1.54793798558783e-05,0,0,0,0.000278490164150221,0.0536779324055666,0,0,3.28821101003314e-05,0,0,0,0,0,0.00229826728105111,0,0,0,1.16434185875285e-05,0,0,0,1.08354649664018e-05,0.0018822892841138,0,0.000120303642380099,0,0,0,0,0,0,0,0,0,5.47712437831901e-06,0,0,0,0,0,0,0,0,0,0,0,0,0,6.67969119694552e-05,0,0,0,0,0,0,0,0,3.3507751118952e-05,0.000390423533426401,0,0,0,1.52078849939066e-05,0,0,0,0,0,0.00480930181679828,0,0.000238519232900229,0,0,0,0,0,0,0,0,0,0,0,1.26451064975543e-05,0,0,0,0,0,0,0,0,0,0,0,0,0,0,0,0,0,0,0,0,0,0,0,0,0,0,0,0,0,0,0,0,0,0,0,0,0,0,0,0,0,0,0,0,1.50950842617656e-05,0,0,0,0,0,0,0,0,0,0,0
"rs1472774",0,0,0,0,0,0,0,0,0,0,0,0,0,0,0,0,0,0,0,0,0,0.491053677932406,0,0,0,0.00265591547552354,0,0,0,0,0,0,0,0,0,0,0,0,0,0,0,0.00812564509389694,0,0,0,0,0.00290019726023451,0,0,0,0,0,0,0,0.00929866166157367,0.000633952127529017,0,0,0,0,0,0,0,0.000390197416799123,0,0,0,0,0,0,0,0,0,0,0,0,0,3.96265860470014e-05,0,0,0,0,0,0,0,0,0,0,0,0,0,0,0,0,0,0,0,8.51550993741861e-05,0,0,0,0,0.0014212476653657,0,0,0,0,0,0,0,0,0,0,0,0,0,0,0,0,0,0,0,0,0.0005384140332207,0,0,0,0,0,0,0,0,0,0,0,0,0,0,0,0,0,0.00601577851126976,0,0,0,0,0,0,0,0,0,0,0,0.00014357089720791,0
"rs17786735",0,0,0,0,0.000484988188048658,0,0,0,0.0165673929805919,0,0,0,0,7.83886238942709e-05,0,0,0,1.5124122879782e-05,0.00507944081048012,0,0,0,0.0556660039761431,0,0,0,0,0.00254427097052649,0.000109138374170526,0,4.89644515621211e-06,0,0,0,0,0,0,0,0,0,0,0,0,0,0,0,0,0.00324273176778087,0,0,0,0,0.000292610099843765,0,0,0,0,0,8.48012594270808e-05,0,0,0,0,0,0,0,0,0,0,0,0,0,0,0,0,0,0,0,0,0,0,1.96870166107324e-05,0,0,0,0,0,0.00126101573336613,0,0,0,0.000145735655882936,0,0,0,0,0,0,0,0,0,0,0,3.36915871158086e-05,0,0,0.000163798123676694,0,0,0,0,0,0,0,0,0,0,0,0,0,0,0.000276986422775696,0,0,0,0,0,0,0,0,0,0,0,4.23484980077629e-06,0,0.000152256115810372,0,0,0.000799005346010704,0,0,0,0,0,0,0,0,0,0,0,0,0,0,0,0
"rs74391094",0,0,0,0,0,0,0,0,0,0,0,0.0268327249643225,0,0,0,0.000623928227795752,0,0,0,0.0542242823429262,3.28821101003314e-05,0,0,0.3220675944334,0,0,0,0,0,0.000174858210796979,0,0.00212437756491656,0,0.00164259173000055,0,0,0,0.00131023707346959,0.000312570389368353,0,0.00163017478883542,0,2.57082706669677e-05,0,0,0,0,0,0,0.0035217053840787,0.0026492010961153,0,0,0,0,0,0,0,0,0,0,0,0,0,0.00391467128306349,0,0,0,0,0,0,0,0,0,0.00133950917758106,0,0,0,0.000919477603862127,0,0,0,0,0,0.00168551004998165,0,0.00137037142615626,0,0,0,0,0,0,0,0,0,0,0,0.00229359156009094,0,0,0,0,0,0,0,0,0,0,0,0,0,0,0,0,0,0,0,0.000355063722180117,0.00129964448907853,0,0,0,0,0,0,0,0,0,0,0,0,0,0,0,0,0,0,0,0,0,0,0,0.00547594563451774,0,0,0,0,0,0,0,0,0,0,0
"rs80085405",0.029101451728416,0.00330025692091169,6.97445854569261e-05,0.000155123136357363,0,0.00075293064100838,5.20247316801414e-05,4.67391134187589e-05,0,0,0,0,0.00161952443191796,0,0,0,0.000413169361374975,0,0,0,0,0,0,0,0.0278330019880716,0,0,0,0,0,1.67258229266665e-05,0,0,0,0,0,0,0,0,0,0,0,0,0,0,2.36570368706964e-05,0,0,0,0,0,0,0,0,0,0,0,0,0,0,0,0,0,0,0,0,0.00194451032980001,0,0,0,0,0.00161853350659468,0,0,0,0,0,0,0,0,0,4.15995355072192e-06,0,0,0,0,0,0,0,0,0,0,0,0,0,0,0,0,0,0,0,0,0,3.64618061942725e-06,0,0,0,5.78906048265988e-05,0,0,8.91322335378512e-06,0,0,0,0,0,0,0,0,0,0,0,0,0,0,0,0,0.0039708853487843,0,0.00109773200683442,0,0,0,2.90082571421749e-05,0,0,0,0,0,0,0,0,0,0,0,0,0,0,0,0,0,0,0,0,0
"rs1933974",0,0,0,0,0,0,0,0,0,0,0,0,0,0,0,0,0,0,0,0,0,0.00265591547552354,0,0,0,0.318091451292247,0,0,0,0,0,0,0,0,0,0,0,0,0,0,0,0.315377892520381,0,0,0,0,0.0129760378607911,0,0,0,0,0,0,0,0.000263271173646119,0.00333157651592609,0,0,0,0,0,0,0,0.0137780327277401,0,0,0,0,0,0,0,0,0,0,0,0,0,0.000435046666575466,0,0,0,0,0,0,0,0,0,0,0,0,0,0,0,0,0,0,0,0.00338216016072513,0,0,0,0,0.0101322307013906,0,0,0,0,0,0,0,0,0,0,0,0,0,0,0,0,0,0,0,0,0.00267459767776804,0,0,0,0,0,0,0,0,0,0,0,0,0,0,0,0,0,0.000606422537762643,0,0,0,0,0,0,0,0,0,0,0,0.00200603458073322,0
"rs75267730",0.00580095838807339,0.0127827408641911,0.000108061010071401,0.0177962156983664,0,0.144592263736591,0.000250774802058304,0.000987260497674756,0,0.000100814646951325,0,0,0.0030668759171929,0,1.14847381542717e-05,0,0.000442577817080433,0,0,0,0,0,0,0,0,0,0.139165009940358,0,0,3.17839685271103e-05,2.30352801075191e-05,0,0,0,0,0,0,0,0,0,0,0,0,0,0,6.51622910537423e-05,0,0,0,0,0,0.000102052166520789,0,0,0,0,0,0,0,0,0,0,0,0,0,0,0.00139968330524685,0,0,0,0,0.000278636310237773,0,0.000124573402508736,0,0,0,0,0,0,0,0,0,0,0,0,0,0,0,0,0,0,0,0,0,0,0,0,0,0,0,4.78419299862106e-06,0,0,0,4.82471376870545e-05,0,0,0,0,0,0,0,0,0,1.93492449053249e-05,0,0,0,0,0,0,0,0,0,0,0,0.00170900515413235,0,0.000619845879630906,0.000341904075704618,0,0,0,0,0,0,0,0,0,0,0,0,0,0,0,5.18369084849036e-05,0,0,0,0,0,0,0,0
"rs7874709",0,0,0,0,0.000193960158766851,0,0,0,0.14883868483459,0,0.000211735446223102,0,0,0.000150478913696156,0,0,0,2.90330594988682e-05,0.0178606421801191,0,0,0,0.00254427097052649,0,0,0,0,0.113320079522863,0.00125704648240003,0,0,0,0,0,0,9.19409723786708e-05,0,0,0,0,0,0,0,0,0,0,0,0.000995986875813689,0,0,0,0,0.00018723656475291,0,0,0,0,0,0,0,0,0,0,0,0,0,0,0,0,0,0,0,0,0,0,0,1.08638378619329e-05,0,0,0,0,2.51948197440565e-05,0,0,0,0,0,0.00788277525026714,0,0,0,4.66269680781743e-05,0,0,0,0,0,0,0,0,0,0,0,2.15587125530037e-05,0,0,0,0,0,0,0,0,0,0,0,0,0,0,0,0,0,0.000443098053616481,0,0,0,0,0,0,0,0,0,0,0,8.1294397838482e-06,0,4.87131375543372e-05,0,0,0.000255635427974177,0,0,0,0,0,0,0,0,0,0,0,0,0,0,0,0
"rs80227131",0,0,4.27801617824403e-05,0,0.00441728785156007,0,7.16890926905887e-05,0,0.002098831343251,0,0.0013114365219697,0,0,0.00285586432462916,2.23623706867449e-05,0,0.000536193159320951,0.000275501985032509,0.000278844041610864,0,0,0,0.000109138374170526,0,0,0,0,0.00125704648240003,0.0536779324055666,0,4.45969783127913e-05,0,0,0,0,0.00151008625419403,0,0,0,0,0,0,0,0,0,0,0,0.00501833595449954,0,0,0,0,0,0,0,0,0,0,0,0,0,0,0,0,0,0,0,0,0,0,0,0,0,0,0,0,0,0,0,0,0,0.000179309973832445,0,0,0,0,0,0.000138450958184691,0,0,0,0,0,0,0,0,0,0,0,0,0,0,0,0,0,0,0,0,0,0,0.00016737405374395,0,0,0,0,6.63658900134516e-06,0,0,0,0,0,0.00313336511982141,0,0,0,0,0,0,0,0,0,0,0,0,0,0,0,0,0,0,0,0,0,0,0,0,9.90900033788939e-06,0,0,0,0,0,0,0,0
"rs3758203",0,0,0,0.000941693102777576,0,0.000101134474341833,0,0.0523005631731571,0,0.00590965868724765,0,0.000727759601127238,0,0,0,0,0,0,0,0.000827852273170935,0.00229826728105111,0,0,0.000174858210796979,0,0,3.17839685271103e-05,0,0,0.240556660039761,0,0,0,0,0,0,0,0,0.000870391979680556,0,8.34446593871688e-05,0,0.00235167518669744,0,0,0,0,0,0,1.3467258631056e-05,0,0.00729749517415119,0,0,0,0,0,0,0,0,0,0,0,0,6.17753040792712e-05,0,0,0,0,0,0,0,0,0,0.00112835177302753,0,0,0,7.03229904049133e-05,0,0,0,0,0,0.00500372071933889,0,1.10294006913852e-05,0,0,0,0,0,0,0,0,0,0,0,0,0,0,0,0,0,0,0,0,0,0,0,0,0,0,0,0,0,0,0,0.00702373070185637,0,0,0,0,0,0,0,0,0,0,0,0,0,0,0,0,0,0,0,0,0,0,0,0,1.74503467465533e-05,0,0,0,0,0,0,0,0,0,0,0
"rs149899926",0.000325648974804312,0.000596955131950723,0.00190708040414345,0,0.000321145418443911,0.000114020503965298,0.0127832021352628,0,0,0,2.94185113828293e-05,0,6.15961063624524e-05,0.00086927643959633,0.000996883535498643,0,0.0528757779725827,0.00064363953462489,0,0,0,0,4.89644515621211e-06,0,1.67258229266665e-05,0,2.30352801075191e-05,0,4.45969783127913e-05,0,0.125248508946322,0,0,0,0,6.77493556323079e-05,0,0,0,0,0,0,0,8.05284027604923e-05,0,0.00281118326329295,0,0.000675436306342474,0,0,0,0,0.000216240458587983,0,0,0,0,0,0.00022958346321078,0,0,0,0,0,0,0,0.00050713948835463,0,0,0,0,2.05446059161073e-05,0,0,0,0,0.00114672949173681,0,0,0,0,0.00247231045831641,0,0,0,0,0,0,0,0,0,0.000200386446672429,0,0,0,0,0,0,0,0,0,0.00239307786680145,0,0.00216696902222772,0,0.00664434231505087,2.9714880712451e-05,0,0,0,0.00052972359056867,0,2.98011320969141e-05,0,0,0.000295849952582795,0,0,0,0,0,0.000843462287955004,0,0,0,0,0,8.37398467452183e-05,0,1.84706339942502e-05,0.000803660244312335,0,0,0.00229866084274538,0,6.39349254388991e-05,0,0,1.21832519150906e-05,0,0.000261398215010153,0,0,0,0,0,0.000441729520920052,0,0,0,0,0,0,0,0
"rs12552001",0,0,0,0,0,0,0,0,0,0,0,0.00108988761314755,0,0,0,0,0,0,0,0.00156072735321632,0,0,0,0.00212437756491656,0,0,0,0,0,0,0,0.0894632206759443,0,0.00197639801953394,0,0,0,0.00573048408481766,0,0,0,0,0,0,0,0,0,0,0,0.00133250298470448,0.00141708621287101,0,0,0,0,0,0,0,0,0,0,0,0,0,0.000116196351206247,0,0,0,0,0,0,0,0,0,0.000119279041013424,0,0,0,0,0,0,0,0,0,0.000187208184815499,0,0.000488108905201506,0,0,0,0,0,0,0,0,0,0,0,0.00491039435322859,0,0,0,0,0,0,0,0,0,0,0,0,0,0,0,0,0,0,0,3.83239970680959e-06,0.0054731505193275,0,0,0,0,0,0,0,0,0,0,0,0,0,0,0,0,0,0,0,0,0,0,0,0.00051417781498278,0,0,0,0,0,0,0,0,0,0,0
"rs72736177",0,0,0,0,0,0,0,0,0,0,0,0,0,0,0,0,0,0,0,0,0,0,0,0,0,0,0,0,0,0,0,0,0.135188866799205,0,0,0,0,0,0,0,0,0,0,0,2.26937822792453e-06,0,0,0,0,0,0,0,0,4.65075442415166e-06,0,0,0,0.00852731957487025,0,0.000486579199931552,0,8.62560433396343e-05,0,0,0,0,0,0,1.50538389810915e-05,0.0114725241396953,0,0,0.00153440296989425,0,0,6.25188836422152e-06,0,0,0,0,5.07077332208123e-05,0,0.000224142467020255,0,0,0,0,0,0,0,0,0,0,0,0,7.39633595862663e-06,0.000558059641270398,0,0,0,0,0,0,0,1.14533844703511e-05,0,0,0,0.00545974440413483,0,0,9.66172574245256e-06,0,0,0,0,0,0,0,0,0,0,0.000288106674652159,0,0,0,0,0,0,0,0,0,0.00909613024327635,0,0,0,2.19696694648836e-05,1.69541741649585e-05,0,0.000446020460510975,0,0,0,0,0,4.63170193593703e-05,0,0.00941568113874992,0,0.00177412764781031,0,0,0.0103360346387774,0,0
"rs4361830",0,0,0,0,0,0,0,0,0,0,0,0.0030837735818088,0,0,0,0.00448621644285009,0,0,0,0.000969726925196487,1.16434185875285e-05,0,0,0.00164259173000055,0,0,0,0,0,0,0,0.00197639801953394,0,0.0675944333996024,0,0,0,0,0,0,0,0,0,0,0,0,0,0,0,0,0.00281753074293489,0,0,0,0,0,0,0,0,0,0,0,0,0,0.000115514069915752,0,0,0,0,0,0,0,0,0,3.95262195989038e-05,0,0,0,0,0,0,0,0,0,1.92526486046977e-05,0,0.00032349521946616,0,0,0,0,0,0,0,0,0,0,0,0,0,0,0,0,0,0,0,0,0,0,0,0,0,0,0,0,0,0,0,0,0.00367031837427399,0,0,0,0,0,0,0,0,0,0,0,0,0,0,0,0,0,0,0,0,0,0,0,0.000511158667655789,0,0,0,0,0,0,0,0,0,0,0
"rs74434496",0,0,0,0,0,0,0,0,0,0,0,0,0,0,0,0,0,0,0,0,0,0,0,0,0,0,0,0,0,0,0,0,0,0,0.025844930417495,0,0,0,0,0,0,0,0,0,0,0,0,0,0,0,0,0,0,0,0,0,0,0,0,0,0,0,0,0,0,0,0,0,0,0,0,0,0,0,0,0,0,0,0,0,0,0,0,0,0,0,0,0,0,0,0.00508791312321626,0,0,0,0,0,0,0,0,0,0.00293433424142332,0,0,0,0,0,0,0,0,0,0,0,0,0,0,0,0.000632544930279331,0,0,0,0,0,0,0,0,0.00118828477327303,0,0,0,0,0,0,0,0,0,0,0,0,0,0,0,0,0,0,0,0,0,0,0,0,0,0,0,0,9.19526797162279e-05
"rs146035384",0,0,0,0,0.00251644071729447,0,0,0,0.001657902750931,0,0,0,0,0,0,0,9.87340735757988e-05,0,0.000275329593033957,0,0,0,0,0,0,0,0,9.19409723786708e-05,0.00151008625419403,0,6.77493556323079e-05,0,0,0,0,0.0278330019880716,0,0,0,0,0,0,0,0,0,4.78996474450851e-05,0,0,0,0,0,0,0,0,0,0,0,0,0.00117334729578334,0,0,0,0,0,0,0,0,0,0,0,0,0,0,0,0,0,5.87281345897328e-05,0,0,0,0,0,0,0,0,0,0,0,0,0,0,0,0,0,0,0,0,0,0,0,0,0,0,0.000155390509134972,0,1.41515878096202e-05,0,0,0,0,0.000127132876707339,0,0,0,0,5.04097637831031e-06,0,0,0,0,0,0.00383250522843975,0,0,0,0,0,0,0,0,0,0,0,0,0,0,0,0,0.000715023088958009,0,0,0,0,0,0,0,0,0,0,0,0,0,0,0,0
"rs7026679",0,0,0,0,0,0,0,0,0,0,0,0,0,0,0,0,0,0,0,0,0,0,0,0,0,0,0,0,0,0,0,0,0,0,0,0,0.516898608349901,0,0,0,0,0,0,0,0,0,0,0,0,0,0,0,0,0,0,0,0,0,0,0,0,0,0,0,0,0,0,0,0,0,0,0,0,0,0,0,0,8.61358661554825e-05,0,0,0,0,0,0,0,0,0,0,0,0,0,0,0,0,0,0,0,0,0,0,0,0,0,0,0,0,0,0,0,0,0,0,0,0,0,0,0,0,0,0,0,0,0,0,0,0,0,0,0,0,0,0,0,0,0,0,0,0,0,0,0,0,0,0,0,0,0,0,0,0,0,0,0,0,0
"rs10217733",0,0,0,0,0,0,0,0,0,0,0,0.0013961121480257,0,0,0,0,0,0,0,0.0127243500564678,1.08354649664018e-05,0,0,0.00131023707346959,0,0,0,0,0,0,0,0.00573048408481766,0,0,0,0,0,0.0854870775347912,1.71666066705231e-05,0,0,0,0,0,0,0,0,0,0,0.00277370420619569,0.00393302732706845,0,0,0,0,0,0,0,0,0,0,0,0,0,0.000322495145636852,0,0,0,0,0,0,0,0,0,0.000165525471771355,0,0,0,0,0,0,0,0,0,0.000367291930365444,0,0,0,0,0,0,0,0,0,0,0,0,0,0.00340711718922223,0,0,0,0,0,0,0,0,0,0,0,0,0,0,0,0,0,0,0,0,0.00131466603152028,0,0,0,0,0,0,0,0,0,0,0,0,0,0,0,0,0,0,0,0,0,0,0,0.000713532944901953,0,0,0,0,0,0,0,0,0,0,0
"rs147149845",0,0,0,4.38595732298919e-05,0,0,0,0.00120092104885501,0,0.000215607576715586,0,0.000782251030092654,0,0,0,5.44976716762846e-06,0,0,0,0.000210100686095775,0.0018822892841138,0,0,0.000312570389368353,0,0,0,0,0,0.000870391979680556,0,0,0,0,0,0,0,1.71666066705231e-05,0.0596421471172962,0,0,0,0,0,0,0,0,0,0,1.23042834231217e-05,0,0.000212993045298893,0,0,0,0,0,0,0,0,0,0,0,0,7.0550814271516e-05,0,0,0,0,0,0,0,0,0,0.00020618242207507,0,0,0,0,0,0,0,0,0,0.00761936778022961,0,0.000100769485321258,0,0,0,0,0,0,0,0,0,0,0,6.67787277621786e-06,0,0,0,0,0,0,0,0,0,0,0,0,0,0,0,0,0,0,0,0,3.78396079903389e-06,0,0,0,0,0,0,0,0,0,0,0,0,0,0,0,0,0,0,0,0,0,0,0,0,0,0,0,0,0,0,0,0,0,0,0
"rs72738288",0,0,0,0,0,0,0,0,0,0,0,0,0,0,0,0,0,0,0,0,0,0,0,0,0,0,0,0,0,0,0,0,0,0,0,0,0,0,0,0.0516898608349901,0,0,0,0,0,0,0,0,0,0,0,0,0,0,0,0,0,0,0,0,0,0,4.80890016301356e-05,0,0,0,0,0,0,0,0.000143698601618975,0,0,0,0,0,0,0,0,0,0,0,0,0,0,0,0,0,0,0,0.000676146562854409,0,0.00118396846872008,3.53167138946734e-06,5.38398827356617e-06,0,0,0,0,0,0.000504393955155312,0,0,0,0,0,0,0,0,0,0,0,0,0,0,0,0.00176905791999333,0.000767677361527947,0,0,0,0,0,0,0,9.61217987701983e-05,3.09352626604904e-05,0,0,0,0,0,0,0,0,0,0,0,0,0,0,0,0,0,0.000113551026567659,0,0,0,0,0,0,0,0,0,0
"rs62568072",0,0,0,0,0,0,0,9.72230419820201e-05,0,6.8901143470738e-05,0,0.0229485372746176,0,0,0,8.52678949497808e-05,0,0,0,0.000657453527090306,0.000120303642380099,0,0,0.00163017478883542,0,0,0,0,0,8.34446593871688e-05,0,0,0,0,0,0,0,0,0,0,0.0278330019880716,0,0,0,0,0,0,0,0,0.000192514710093868,0,1.36131249151483e-05,0,0,0,0,0,0,0,0,0,0,0,0,0,0,0,0,0,0,0,0,0,0,0,0,0,0,0.000251317110661188,0,0,0,0,0,0.000198924717444252,0,0.000788327429798771,0,0,0,0,0,0,0,0,0,0,0,0.000104483024110245,0,0,0,0,0,0,0,0,0,0,0,0,0,0,0,0,0,0,0,0.000118095327174366,0,0,0,0,0,0,0,0,0,0,0,0,0,0,0,0,0,0,0,0,0,0,0,0,0,0,0,0,0,0,0,0,0,0,0,0
"rs4457410",0,0,0,0,0,0,0,0,0,0,0,0,0,0,0,0,0,0,0,0,0,0.00812564509389694,0,0,0,0.315377892520381,0,0,0,0,0,0,0,0,0,0,0,0,0,0,0,1.36978131212724,0,0,0,0,0.0201427661805552,0,0,0,0,0,0,0,0.00152572788902455,0.048613249624648,0,0,0,0,0,0,0,0.110879449446604,0,0,0,0,0,0,0,0,0,0,0,0,0,0.00280258528848127,0,0,0,0,0,0,0,0,0,0,0,0,0,0,0,0,0,0,0,0.0583437789903834,0,0,0,0,0.146797565652991,0,0,0,0,0,0,0,0,0,0,0,0,0,0,0,0,0,0,0,0,0.0219214558469576,0,0,0,0,0,0,0,0,0,0,0,0,0,0,0,0,0,0.0062129273669196,0,0,0,0,0,0,0,0,0,0,0,0.00830393909004904,0
"rs41277905",0,0,0,0.00026070510693792,0,0,0,0.0047589192417155,0,0.00611668018623863,0,0.000977141513664619,0,0,0,2.01704455643453e-06,0,0,0,1.55523137836018e-05,0,0,0,2.57082706669677e-05,0,0,0,0,0,0.00235167518669744,0,0,0,0,0,0,0,0,0,0,0,0,0.0397614314115308,0,0,0,0,0,0,4.55400884772758e-06,2.14109428447314e-06,0.000287738439267537,0,0,0,0,0,0,0,0,0,0,0,0,5.22239323263825e-05,0,0,0,0,0,0,0,0,0,0,0,0,0,0,0,0,0,0,0,0.000940015957371176,0,1.86481858371212e-05,0,0,0,0,0,0,0,0,0,0,0,4.94317152183735e-06,0,0,0,0,0,0,0,0,0,0,0,0,0,0,0,0,0,0,0,0,0,0,0,0,0,0,0,0,0,0,0,0,0,0,0,0,0,0,0,0,0,0,0,0,0,0,0,0,0,0,0,0,0,0,0,0
"rs191758322",0,0,0,0,0.000664688409912278,0,2.1574735733707e-05,0,0.00116234189042047,0,0,0,0,0.00515681109491438,0,0,5.37888693170271e-05,0,0.000231637557372585,0,0,0,0,0,0,0,0,0,0,0,8.05284027604923e-05,0,0,0,0,0,0,0,0,0,0,0,0,0.0278330019880716,0,0,0,0.00213323749380755,0,0,0,0,0.00160411776436841,0,0,0,0,0,0.000929777931523393,0,0,0,0,0,0,0,0,0,0,0,0,0,0,0,0,0,0,0,0,0,0,0,0,0,0,0,0,0.000460048442628027,0,0,0,0.000399468703623905,0,0,0,0,0,0,0,0,0,0,0,6.15668807867435e-05,0,5.60696482988696e-06,0.00179591531598049,0,0,0,0,0,0.000895358760373235,0,0,0,0,0,0,0,0,0,0,0,0,0,0,0,0,0,0,0,0,2.32158691668005e-05,0,0,0,0,0,0,0.000408307374110808,0,0,0,0,0,0,0,0,0,0,0,0,0,0
"rs148907664",0,0,0,0,0,0,0,0,0,0,0,0,0,0,0,0,0,0,0,0,0,0,0,0,0,0,0,0,0,0,0,0,2.26937822792453e-06,0,0,0,0,0,0,0,0,0,0,0,0.0238568588469185,0,0,0,0,0,0,0,0,0,0,0,0,0,0,0,0,0.00251067560985554,0,0,0,0,0,0,0.00269733036811419,0,0,0,0,0,0,0,0,0,0,0,0.00355897300175143,0,0.0167470407681771,0,0,0,0,0,0.00183035959950023,0,0,0,0,0,0,0,0.00161691905458401,0,0,0,0,0,0,0,0.00118175191346314,0,0,0,3.30541945106829e-06,0,0,0,0,0,0,0,0,0,0,0,0,0,0,0,0,0,0,0,0.0081241683418805,0,0,0,7.44000946087551e-06,0,0,0,0,0,0,0,0,0,0,0,0,0,0,1.58125203003526e-05,0,0,0,0,0,0,0
"rs72741767",0.000460598550972793,0.000274899609105602,0.00404606741629506,0,0.000227053854291302,0.000156791080101467,0.00452014656566363,0,0,0,2.07992579478463e-05,0,8.71216540852316e-05,0,0.00140999403488136,0,0.0194652669104592,0,0,0,0,0,0,0,2.36570368706964e-05,0,6.51622910537423e-05,0,0,0,0.00281118326329295,0,0,0,0,4.78996474450851e-05,0,0,0,0,0,0,0,0,0,0.0815109343936382,0,0.000265301096006838,0,0,0,0,0,0,0,0,0,0,8.11591995553525e-05,0,0,0,0,0,0,0,9.2554721365868e-05,0,0,0,0,2.90583310478789e-05,0,0,0,0,0.0121612828320867,0,0,0,0,0.000349590924438786,0,0,0,0,0,0,0,0,0,4.72252469355614e-05,0,0,0,0,0,0,0,0,0,0,0,0.000612829752964502,0,0,0,0,0,0,0,0,0,0,0,0,0,0,0,0,0,9.93897428966914e-05,0,0,0,0,0,9.47534432563993e-05,0,7.83747032375528e-05,0.000284174657871363,0,0,0.000812591078805918,0,0,0,0,1.72274249997207e-05,0,4.62029573008589e-05,0,0,0,0,0,0.0012495662077852,0,0,0,0,0,0,0,0
"rs113416989",0,0,0,0,0,0,0,0,0,0,0,0,0,0,0,0,0,0,0,0,0,0.00290019726023451,0,0,0,0.0129760378607911,0,0,0,0,0,0,0,0,0,0,0,0,0,0,0,0.0201427661805552,0,0,0,0,0.0497017892644135,0,0,0,0,0,0,0,0,0.00110618123481025,0,0,0,0,0,0,0,0.00160487095527016,0,0,0,0,0,0,0,0,0,0,0,0,0,5.07058313285211e-05,0,0,0,0,0,0,0,0,0,0,0,0,0,0,0,0,0,0,0,0,0,0,0,0,0,0,0,0,0,0,0,0,0,0,0,0,0,0,0,0,0,0,0,0,0,0,0,0,0,0,0,0,0,0,0,0,0,0,0,0,0,0,0,0,0,0,0,0,0,0,0,0,0,0,0,0.00137784043940992,0
"rs11145647",0,0,0.00044994444865875,0,0.0176545142507184,0,0.000241279007402,0,0.00465626673694131,0,0.0109103542451611,0,0,0.0156191498029534,9.40793501485077e-05,0,0.00278897074578346,0.000695428443063392,0.00248551374947681,0,0,0,0.00324273176778087,0,0,0,0,0.000995986875813689,0.00501833595449954,0,0.000675436306342474,0,0,0,0,0,0,0,0,0,0,0,0,0.00213323749380755,0,0.000265301096006838,0,0.341948310139165,0,0,0,0,0.00616895724293989,0,0,0,0,0,0.00129976039562654,0,0,0,0,0,0,0,0,0,0,0,0,0,0,0,0,0,0.000390332020484011,0,0,0,0,0.00150872785802638,0,0,0,0,0,0.0017277416490295,0,0,0,0.0201033913321961,0,0,0,0,0,0,0,0,0,0.000248427346626732,0,0.00172131840551986,0,6.27049584936262e-05,0.00472297193190462,2.16830963465292e-05,0,0,0.0011266384895255,0,0.0252622985849611,0,0,1.67522304999454e-05,0,0,0,0,0.000403118488048266,0.0223437360682518,0,0,0,0,0,0,0,0,7.58441992797847e-06,0,0,0.00207705973790034,0,0.00816777542347071,0,0,0.0051638465715651,0,0.00342470004579677,0,0,0,0,0,4.16875440206593e-05,0,0,0,0,0,0,0,0
"rs3009698",0,0,0,0,0,0,0,0,0,0,0,0,0,0,0,0,0,0,0,0,0,0,0,0,0,0,0,0,0,0,0,0,0,0,0,0,0,0,0,0,0,0,0,0,0,0,0,0,0.0775347912524851,0,0,0,0,0,0,0,0.0204342515732234,0,0,0,0.00953437361670759,0,0,0,0,0.00167264791990819,0,0,0,0,0,0,0,0,0,0,0,0,0,0,0,0,0,0,0,0.0323150465270425,0,0,0,0,0,0,0,0,0,0,0,0,0,0.0205142602671779,0,0,0,0,0,0,0,0,0,0,0,0,0,0.011718712032362,0,0,0,0,0,0,0,0,0,0,0,0,0,0,0,0,0,0,0,0,0,0,0,0,0,0,0,0,0.00196929743128526,0,0,0,0,0,0,0,0,0,0,0,0
"rs118069252",0,0,0,0,0,0,0,0,0,0,0,0.011507739341205,0,0,0,0.00264164766032545,0,0,0,0.00640359062524453,0,0,0,0.0035217053840787,0,0,0,0,0,1.3467258631056e-05,0,0.00133250298470448,0,0,0,0,0,0.00277370420619569,1.23042834231217e-05,0,0.000192514710093868,0,4.55400884772758e-06,0,0,0,0,0,0,0.0834990059642147,0.00186940729331653,0,0,0,0,0,0,0,0,0,0,0,0,0,0,0,0,0,0,0,0,0,0,0,0.000118641520570158,0,0,0,0,0,0,0,0,0,0.000288942824363553,0,0.000485500069626018,0,0,0,0,0,0,0,0,0,0,0,0.0032369432404437,0,0,0,0,0,0,0,0,0,0,0,0,0,0,0,0,0,0,0,0,0,0,0,0,0,0,0,0,0,0,0,0,0,0,0,0,0,0,0,0,0,0,0,0,0.00460286682096311,0,0,0,0,0,0,0,0,0,0,0
"rs72734122",0,0,0,0,0,0,0,0,0,0,0,0.00105856277112188,0,0,0,0,0,0,0,0.0093057571386379,5.47712437831901e-06,0,0,0.0026492010961153,0,0,0,0,0,0,0,0.00141708621287101,0,0.00281753074293489,0,0,0,0.00393302732706845,0,0,0,0,2.14109428447314e-06,0,0,0,0,0,0,0.00186940729331653,0.0636182902584493,0,0,0,0,0,0,0,0,0,0,0,0,0,0,0,0,0,0,0,0,0,0,0,5.578001494677e-05,0,0,0,0.00143200915438414,0,0,0,0,0,0.000271696367078002,0,0,0,0,0,0,0,0,0,0,0,0,0,0.00172223385657587,0,0,0,0,0,0,0,0,0,0,0,0,0,0,0,0,0,0,0,0,0.00130041028312638,0,0,0,0,0,0,0,0,0,0,0,0,0,0,0,0,0,0,0,0,0,0,0,0.00216406515052618,0,0,0,0,0,0,0,0,0,0,0
"rs11137603",0,0,0,0.00409384121033652,0,0.00039641534457886,0,0.0911695099624794,0,0.00981981766456727,0,9.95206422494052e-05,0,0,0,0,0,0,0,3.82657121315367e-05,0,0,0,0,0,0,0.000102052166520789,0,0,0.00729749517415119,0,0,0,0,0,0,0,0,0.000212993045298893,0,1.36131249151483e-05,0,0.000287738439267537,0,0,0,0,0,0,0,0,0.0894632206759443,0,0,0,0,0,0,0,0,0,0,0,0,3.77924844417171e-06,0,0,0,0,0,0,0,0,0,3.31341858724951e-05,0,0,0,0,0,0,0,0,0,0.00231286357286226,0,5.39799468727189e-06,0,0,0,0,0,0,0,0,0,0,0,0,0,0,0,0,0,0,0,0,0,0,0,0,0,0,0,0,0,0,0,0.00114584832770539,0,0,0,0,0,0,0,0,0,0,0,0,0,0,0,0,0,0,0,0,0,0,0,0,0,0,0,0,0,0,0,0,0,0,0,0
